#PLATFORMS x y length direction pixels to move
17
2 2 4 1 11
4 11 9 0 0
4 25 3 2 9
7 21 4 2 13
8 2 4 0 0
9 8 6 0 0
11 24 5 2 12
12 1 3 2 11
16 4 13 1 8
17 23 4 2 5
21 4 4 0 0
22 16 8 2 1
23 25 4 2 13
24 1 7 0 0
25 10 3 1 14
28 4 5 2 7
28 18 9 1 4
#POWERUPS x y type power
21
1 4 1 15
3 14 0 26
3 19 1 2
3 26 0 9
6 23 0 23
8 8 1 7
8 10 0 13
8 13 1 13
10 3 0 14
10 27 0 4
15 6 0 6
15 11 1 10
15 15 1 15
16 24 0 26
20 5 0 8
21 19 0 6
22 27 1 15
23 2 0 10
23 7 1 21
24 11 0 10
27 6 0 8
#DOOR x y type nextmap
1
26 22 0 63
#PLAYER POSITION
7 4