#PLATFORMS x y length direction pixels to move
17
3 1 6 2 9
4 12 6 1 2
4 24 5 2 15
7 11 3 2 13
7 22 6 2 10
8 1 7 0 0
10 11 8 2 8
12 18 4 1 11
13 2 6 1 11
14 24 5 2 11
17 11 11 0 0
20 1 7 0 0
20 23 6 0 0
23 13 9 1 10
25 1 6 0 0
27 11 7 0 0
28 24 5 0 0
#POWERUPS x y type power
22
2 4 1 11
3 16 0 21
6 13 0 16
6 25 0 19
7 7 1 11
8 16 1 7
11 21 1 18
12 4 0 9
12 26 1 9
16 12 0 14
16 18 1 14
16 21 1 12
18 26 0 8
19 3 0 17
21 17 0 1
22 14 0 15
22 21 1 7
24 2 1 22
25 14 1 11
26 17 1 8
26 24 1 30
26 28 0 19
#DOOR x y type nextmap
2
26 25 2 51
23 2 0 52
#PLAYER POSITION
2 3