#PLATFORMS x y length direction pixels to move
13
2 4 8 0 0
4 19 7 0 0
6 11 7 1 6
8 3 4 1 6
8 8 3 1 9
10 11 9 0 0
12 3 8 2 1
15 13 10 2 7
17 4 9 1 7
19 13 9 1 15
22 3 8 0 0
25 11 9 1 6
27 2 7 0 0
#POWERUPS x y type power
71
1 3 1 100
1 7 1 100
1 9 1 100
1 11 1 100
1 12 0 100
3 2 1 100
4 8 0 100
5 4 0 100
5 6 0 100
5 12 1 100
5 13 1 100
5 14 0 100
5 15 0 100
5 16 1 100
5 17 0 100
7 2 1 100
7 3 0 100
7 4 0 100
7 6 0 100
7 8 1 100
7 9 1 100
7 25 1 100
8 11 1 100
8 13 0 100
8 21 0 100
9 15 0 100
9 16 0 100
9 18 0 100
9 20 1 100
9 23 0 100
11 3 0 100
11 7 1 100
11 9 1 100
11 27 0 100
13 25 1 100
14 13 0 100
14 15 1 100
14 19 0 100
14 22 1 100
15 25 0 100
16 3 1 100
16 7 0 100
16 10 1 100
16 12 0 100
17 27 1 100
18 1 0 100
18 14 1 100
18 17 0 100
18 20 1 100
18 22 0 100
18 27 0 100
19 24 1 100
20 1 0 100
20 24 0 100
21 3 0 100
21 6 0 100
21 11 0 100
21 25 0 100
21 26 1 100
21 28 1 100
23 23 1 100
23 24 1 100
23 27 1 100
24 11 1 100
24 16 1 100
24 19 1 100
25 23 1 100
25 24 1 100
25 27 1 100
26 6 1 100
26 24 1 100
#DOOR x y type nextmap
1
2 22 0 92
#PLAYER POSITION
26 3