#PLATFORMS x y length direction pixels to move
13
2 19 3 0 0
3 25 5 0 0
4 1 5 0 0
5 13 7 1 1
8 2 5 1 14
9 22 5 2 11
12 4 7 2 4
12 20 6 2 10
16 8 11 1 9
19 1 5 1 7
19 24 5 0 0
22 16 11 1 7
26 2 10 0 0
#POWERUPS x y type power
22
1 20 0 15
3 1 0 13
4 14 0 18
4 15 0 17
4 16 1 12
4 17 1 26
4 18 0 5
6 5 1 12
8 23 1 8
10 10 1 18
11 5 0 5
11 22 1 11
14 12 1 3
15 18 0 16
17 2 1 4
18 25 1 21
18 27 1 25
21 18 0 26
21 21 0 19
21 24 1 4
21 25 0 26
25 10 0 19
#DOOR x y type nextmap
1
24 5 0 63
#PLAYER POSITION
4 2