#PLATFORMS x y length direction pixels to move
10
3 3 5 0 0
4 22 7 0 0
7 11 7 1 7
12 21 7 0 0
13 2 7 1 10
16 13 14 1 14
20 13 7 2 5
20 25 4 1 3
25 2 10 0 0
27 18 10 0 0
#POWERUPS x y type power
20
1 5 0 17
2 14 0 12
2 19 0 13
3 23 0 18
7 2 0 9
10 6 0 10
11 14 1 17
11 21 0 27
11 24 1 2
11 27 0 5
12 4 1 23
15 14 0 10
15 19 0 7
15 24 1 30
18 15 0 13
19 2 1 14
19 26 0 12
23 7 1 10
23 9 1 22
25 18 0 3
#DOOR x y type nextmap
3
2 26 0 63
23 2 2 61
25 25 2 62
#PLAYER POSITION
6 14