#PLATFORMS x y length direction pixels to move
12
3 11 8 0 0
4 22 6 0 0
5 1 7 0 0
9 10 10 0 0
10 2 4 2 14
14 18 11 1 7
18 1 7 1 15
18 22 4 2 4
22 8 8 1 15
27 1 7 0 0
27 20 7 0 0
25 7 9 1 3
#POWERUPS x y type power
19
1 12 0 16
1 15 0 13
1 18 0 29
2 1 0 50
2 27 0 25
7 3 1 50
8 13 0 13
8 18 1 50
12 18 1 50
12 21 1 50
12 24 1 50
12 27 0 12
15 3 1 50
17 23 0 27
20 10 0 3
20 15 1 50
26 21 1 100
22 6 1 100
26 24 1 100
#DOOR x y type nextmap
1
2 24 1 10
#PLAYER POSITION
26 4